28
16.7
22.4
28.1
28
33.7
27.8
28.1
22.5
78
101
101.4
113.4
106.9
113.4
106.6
227.9
203
127.9
28.1
28.1
28
28
22.2
26.1
28.1
22.2
39.2
33.6
22.2
33.4
28
56
50.4
37.9
32
49.5
38.7
39.2
44
33
49.4
12
12.2
24
22
16.7
28.1
11.2
102.3
100.1
120.8
115.1
115.1
117.6
193
145.4
47.7
44.2
39.2
55.8
38
42.5
44.5
18
24.2
33.7
22
27.7
33.5
22.5
28
27.7
28.1
16.5
12
18.2
28.1
33.6
28.1
28.1
11
12.2
6.1
39.3
28
28.1
33.7
28
60.5
106.5
100.5
124.8
119.4
114.4
125.1
207.1
100.1
100.9
33.6
28.1
27.5
28.1
22.4
27.7
39.2
16.3
18.3
12.2
33.7
39.2
22.4
6.1
12.2
24.2
28
33.6
62.6
42
39
33.6
44.9
48.3
33
46.6
56
39.1
22.2
27.8
18.3
30.3
118
107.7
111.5
115.1
117.4
113.4
113.4
12
66.9
24.4
33.6
49.5
39.2
27
36.4
38.7
38
56
36.6
50.2
21.6
28
28
27.8
28
28.1
28.1
22.2
28.1
32.5
28.1
28
22.2
28.1
28
22.2
22.4
28.1
27.5
44.8
122.1
108.3
125.3
107
116.7
119.4
214
131.6
28
28
27
22.1
27.7
28
28
72.9
92.1
71.7
12
50.1
44.7
10.8
12.2
18.3
22.4
33.2
39.2
27.7
68.9
49.3
56
44.8
82
50.4
33.6
62.5
39.1
33.6
118.8
121.6
120.9
132.4
105.9
114.2
118.8
12
12.2
24.3
27.8
28
28
38.5
38
61.6
39
37.8
60.5
39.2
33.6
61.6
44.6
36.4
60.4
33.5
28
33.6
28
22.4
44.8
28
39.1
22.4
33.6
22.4
27.6
33.4
28
27.4
67.1
113.6
114.2
117.6
107.2
116.8
118.7
235.6
106.7
102.1
28
33.6
28
27.4
22
28
28
16.8
6
18.1
27.9
26.5
28
18.3
12
28
44.8
28
33.6
56
18
12
30.3
33.6
39.2
61.6
43.2
50.4
48.3
39.1
44.6
106.9
124.8
125
155.7
126.6
138.3
137.1
116.2
128.1
127.5
132.3
21.6
28
32.8
33.6
33.6
106.2
12.2
36.5
50.4
39.2
46.9
48.4
43.2
43.8
39.2
67.2
39.2
28
21.7
12
24
28
22.2
16.6
24.4
12
24.2
39.2
33.4
113.9
114.6
113.5
119.2
106.3
126.9
225.7
118.9
12
22.4
18.3
24.1
33.2
33.6
43.8
28
28
27.8
33
22.4
27.7
27.5
27.8
28
38.5
28
27.7
12
12.2
24
27.7
27.5
28
28
28
22.4
33.6
28
41.6
18.3
132.8
116.6
132.3
144.5
140.8
135.4
164.2
124.3
117.6
111.4
114.2
107.5
24
12.2
12.2
12.1
38.3
12.2
6
27
89.5
47.7
39.2
39.2
38.9
37.8
54.8
33.6
22
28
27.7
22.4
28
28
16.7
22
27.7
22.3
22.4
44.2
22.4
99.7
119.7
117.1
120.1
117.7
111.8
208.3
230.1
59
120.7
33.4
22
22.4
32.4
16.8
22.3
33.6
22.4
22.1
22.2
22.4
33.2
11
12.2
18.1
32.9
16.1
12.2
24.3
22.4
22.4
33.6
27.8
22.1
22.2
22.2
22.4
33.1
22.3
44.8
207.8
141.9
156
137.8
149.6
158.4
140.3
146.3
147.4
121.4
138.7
44.8
22.4
22.4
38.8
22.4
22.4
33.6
22.3
11
27
28
28.1
54
33.6
39
60.8
56
44.8
47.7
16.6
22.4
18.2
12.1
30.3
26.8
22.4
22.1
38.8
112.8
114
114
114.1
114.8
113.9
210.2
117.6
36.5
30.2
28
39.2
22.4
27.7
44.8
27.7
18.2
18.1
30.3
22.4
39.2
39.2
27.7
39.2
33.6
42
35.4
47.4
60.8
50.4
54.2
37
39.2
27.7
22.1
33.6
22.4
22.4
49.5
22.4
77.6
119.8
117.3
106.4
118.3
106.4
108.1
131.3
36.2
43.8
50.4
25.9
56
63.9
50.3
44.6
16.8
27.8
28
33.4
18.2
18.1
22.3
27.6
27.7
22.4
33.6
27.7
27.8
39.2
33.2
27.7
22.1
12.1
18.2
30.1
27.7
27.8
28
22.4
66.5
113.2
120.3
114.1
114.1
108
114.1
194.9
96.3
33
28
28
28
28
27.7
28
28
27.7
22.4
28
24.3
12.1
30.3
33.6
39.2
27.3
50.4
50
33.5
42.4
67.2
39
42.4
38.7
27.7
28
26.5
27.7
113.5
112
114.7
108.1
126.8
114.7
114.8
30.1
18.2
30.2
28
69.7
39.2
53
49.3
44.8
50.2
54.8
17.7
18.2
24.3
39.2
28
27.8
33.6
27.3
22.1
16.8
28
33.4
33.6
33.6
28
33.2
28
16.4
12.1
18
32.6
83.9
113.4
113.4
119.4
114.6
100.6
169.3
191.6
108
18.1
16.6
17.6
24.3
39.2
22.1
18.2
18.2
36.4
28
26.2
28
16.8
33.6
27.7
27.6
27.9
28
28
28
28
27.2
16.5
18.2
40.6
61.6
28
39.2
38.5
28
50.4
28
39.2
49.6
28
116.1
119.7
108.3
114.6
118.6
111.6
118.1
112.8
18.2
24.1
27.5
27.7
22.4
27.7
27.9
27.7
27
22.4
27.7
22.4
21.9
48.6
56
61.4
43.2
43.4
39.2
49.8
61.6
44.8
30.1
44.8
27.3
17.8
30.4
22.4
27.7
33.6
27.7
28
123.3
131
123.2
136.6
121.4
147.5
227.9
216.7
183.4
136.7
103.5
18
18
27.7
38
16.5
18.1
23.9
27.9
27.7
28
28
27.7
28
27.4
28
27.7
28
27.7
18.2
12.1
30.3
29.7
43.2
39.2
39.2
37.6
39.1
56
70.4
126.2
150.1
124.7
142.9
131.8
121
122.4
123
130.2
124.6
104.8
12
18.1
54.4
15.3
24.3
40.6
24.3
36.2
48.9
39.1
39.2
39.2
39.2
28
28
27.7
22.3
33.6
33.2
22
18.2
30.4
56
24.3
18.2
27.5
21.6
31.4
61.5
120
120.9
111.3
119.3
132.9
172.8
222.2
199
222.5
128.3
27.7
27.3
27.7
16.5
18.2
24.1
22.4
27.2
22.4
39.1
33.6
27.5
27.7
28
22.4
28
38
27.7
27.3
28
28
28
39.2
22.4
89.6
50.3
33.6
33.4
44.7
124.7
152.7
121
139
149.3
145.9
128.3
122.8
122.6
114.6
133.9
118.1
27.2
33.6
23.9
33.6
89.6
30.4
23.6
53
50.2
32.6
50.4
31.3
32.6
46
23.6
16.6
18.2
30.3
33.6
27.8
27.7
33.6
32.8
28
28
16.6
60.6
118.4
114.2
107.4
112.6
112.5
136.4
193.9
143.8
27.7
22.4
39.2
28
26.8
39.2
22.1
33.2
27.6
22.4
21.7
33.2
33.6
18.2
18.1
30.3
44.8
33.4
28
22.4
22
18.2
24.3
33.2
28
28
22
27.7
33.4
28
27
33.2
119.6
186.1
130.3
152.9
147.6
155.9
141
132.5
139.2
127.8
132.8
23.6
18.1
18.2
48.6
21.9
18.2
24.1
18.2
24.1
36.2
49.8
27.7
71.7
38
50.4
55.7
44.8
44.8
60.9
44.6
39.2
33.6
22.1
27.9
33.5
16.8
27.6
39.2
33.6
28
44.8
94.5
113.8
119.9
112.4
110.6
129.2
111.9
106.8
100.9
18
18.2
18
16.6
18.2
29.7
18.2
18.1
17.2
39.2
28
28
33.2
108.6
38.7
49.8
44.8
39.2
37.6
28
50.4
44.8
22.1
28
27
28
38.7
16.8
33
28
22.1
97.1
125.2
124.7
128
122.8
123.8
130.9
135
138.2
153.5
142.1
24.1
42.6
39
55.7
33.6
44.6
33.6
27.6
28
39.2
28
28
50.2
18
12.1
33.6
27.8
22.4
22.3
18.1
18.1
44.2
28
22.4
33.6
22.4
27.2
24.1
18.2
103.7
125.3
113.7
119.2
120.9
116.6
164.9
184.7
105.2
27.7
22.4
28
22.4
27.7
28
33.2
27.6
33.2
27.9
39.2
27.6
27.7
24.3
33.4
28
50.2
36.4
44.8
44.8
47.9
39.2
50.4
21.6
30.4
30.4
39.2
28
21.5
18.2
24.1
113.3
107.3
105.7
118.6
221.1
144.8
148.1
139.2
133.6
50.3
33.5
55.8
50.4
55.8
27.7
39.2
16.8
27.7
21.8
28
27.7
27.6
12.1
24.3
36.4
27.7
27.7
27.7
33.2
28
27.2
28
22.1
28
33.6
22.4
28
33.5
27.7
89.8
119.2
105.7
120.8
120.8
112.7
137.6
221.8
138.7
55.3
33.6
28
33.2
27.2
28
33.6
22.3
22.1
32.8
39
18
18
24
22.4
33.6
33.6
22.3
32
44.8
37.8
48.4
28
37.1
41.8
33.6
39.2
43.4
10.8
24.1
24.3
89.3
144.7
128.1
122.5
139.3
121
123.2
121.1
131.1
144.8
140.2
138.6
119.4
27.9
27.9
38.5
44.7
38.5
38.7
41.5
33.5
33.6
37.8
44.2
49.5
33.6
33.5
32
22.4
43.8
38.8
18.1
18
48.6
28
27.7
33.1
28
28
115.7
119.4
120
108
114.1
120.1
149.3
198.3
123.1
38.7
39.2
27.7
44.7
27.9
22
71.5
39.2
22.1
22
18
24
18.1
18.1
24.3
39.2
33.6
27.7
38.5
27.7
27.9
27.9
22.4
22.4
21.7
18.2
24.2
39.2
49.8
33.6
39.2
44.8
115.3
145.7
135.1
123.2
120.9
156.9
122.7
123.5
121.1
147.4
117.1
27.9
39.2
33.6
72.8
61.6
39.2
56
44.8
32.4
44.8
43.3
44.8
50.4
33.1
36.4
32.8
33.6
28
27.6
39.2
28
28
50.4
22.4
39.2
22.4
16.8
67.2
118.3
113.2
119.1
120.8
120.7
112.4
228.7
60.4
128.8
28
28
39.2
32.8
28
33.6
28
28
33.2
28
28
39.2
27.7
28
49.7
22.1
27.3
33.2
28
27.7
39.2
27.9
44.8
56
61.6
18.2
24.3
63.5
30.4
30
96.4
129.5
144.7
133.4
135.9
150.3
133.4
117
125.5
128.1
105.8
114.7
118.7
24.3
36.2
38.7
33.6
44.8
28
82.8
30.1
30
59
60.9
46.7
33.4
36.2
15.9
27.5
28
28
28
33.6
22.4
27.7
32.4
33
49.8
33.2
18.2
60.6
125.2
121.1
133.5
128.1
131.6
183.4
213.6
216.2
139.2
102.2
11.8
18.2
28
27.5
44.3
28
28
33.6
33.2
22.4
33
18.2
18.2
36.2
27.9
22.4
33.6
27.7
33.6
33.6
28
27.7
44.8
28
28
27.9
167.1
149
147.4
164.1
126.8
139.6
128.1
156.1
127.5
105.4
111.8
17.8
18.2
12.1
24.3
27.7
22
33.6
22.4
28
86.2
74.2
47.2
37.8
67.2
48.7
35.9
32.2
28
28
33.2
28
28
28
39.2
27.1
18.2
24
124.8
124.7
106.8
124.5
125.6
114.6
178.6
46.6
128.3
39.2
44.8
28
28
33.6
33.2
34.8
30.2
33.6
44.8
33.6
16.5
41.8
30.4
28
44.5
27.8
33.2
33.2
27.8
39.2
38.8
106.5
18.2
18.2
27.5
22.4
44.6
28
22.5
50.2
114
120.3
138.7
119.3
139
152.9
152.8
164
178.3
44.8
31.7
27.3
33.6
39.2
22.1
28
33.6
33.6
27.7
56
22.4
27.7
44.8
38.7
38.5
78.9
50.4
39.2
39.1
33.6
33.1
42.9
26.7
22.4
33.6
28
22.3
18.2
24.1
102
118.2
114.2
131
129.6
134.2
206.1
206.1
219.6
145.2
131.9
33.6
16.8
28
28
33.6
28
39.2
44.1
33.6
28
39.2
28
44.5
44.8
133.5
60.8
50.4
47.7
55.7
21.2
55.7
44.7
47.9
47.4
50.2
33.6
22.1
50.2
132
117
142.9
116.8
120.8
106.8
107.2
120.6
120.8
18.1
18.2
34.3
53.7
38
39.2
42.4
39.2
37.6
31.8
39.1
31.9
27
33.6
50.4
39.2
28
33.2
27.6
28
49.8
28
28
39.2
28
22
24.3
24.1
27.7
33.6
100.9
111.8
136.3
118.6
113.4
117.7
130.4
59.1
47.2
18
33.6
28
33.6
39.2
28
22
21.8
27.7
28
27.5
28
28
16.3
18.1
24.1
22
28
28
27.3
33.6
44.8
66
39.2
39.1
54.2
61.6
44.8
33.6
72.5
120.3
112.7
110.6
118.5
119.7
120.8
120.9
30.1
18.2
28
33.6
28
95.2
55.1
33.6
44.8
44.6
27.5
50.4
38.2
27.5
55.7
32.5
18.2
18.2
27.5
28
27.6
27.9
27.4
27.9
30.1
18.1
36.4
27.2
39.2
28
33.6
33.2
28
67.1
113.9
112.7
106.4
114.6
107.6
153.9
185.8
105.9
17.8
27.7
28
44.8
18.1
24.3
28.5
33.2
28
44.3
18.1
18.2
24.1
27.7
27.7
27.6
21.7
18.1
24.3
30
18.2
24.1
28.3
28
27.5
80.7
44.2
44.8
33.5
39.2
28
28
20.8
142.3
132.3
144.8
135.8
128.3
122.4
137.8
122.5
119.5
122.5
128
100.5
24.1
56
43.7
44.8
50.4
44.8
39.2
56
22.4
28
18.2
16.4
16.2
18.1
24.3
27.7
28
27.7
33.6
33.6
33.6
44.8
33.2
22.1
27.7
28
38.8
97.1
106.8
119.9
119.6
108
107.6
126.1
105.9
66.6
30.1
33
28
33.4
28
27.7
27.8
27.9
33.6
28
28
28
28
28
22.4
27.9
27.7
28
22.4
28
33.2
28
28
39.1
28
38.7
49.8
42.5
44.8
61.6
39.2
129.3
173.9
125.2
127.8
123.3
114.4
119.6
105.9
105.5
11.8
24.3
28
28
39.2
28
27.7
38.7
28
28
48.4
23.5
46.8
44.8
48.3
44.8
27.8
28
28
33.6
33.6
33.6
28
33.2
33.2
28
28
39.2
28
21.6
24.3
125.8
118.6
120.6
114.6
114.7
102.4
169.2
228.6
110.7
102.4
22.1
33.6
27.7
44.8
50.4
22
18.2
18.1
22.4
28
33.6
27.7
22.4
33.6
27
18.2
18.2
28
33
28
16.3
24.1
18
27.4
22.4
22.4
18.1
18.2
30.3
44.5
30
124.4
131.1
125.1
144.6
132.4
157.1
149
142
102.6
156.8
128
122.3
33.1
22.1
28
27.8
27.9
21.7
16.7
24.3
32.8
28
27.9
16.5
12
18.2
33.4
39.2
32.3
36
39
33.5
21.2
44.6
28
33.5
33.1
33.6
12
24.3
85
124.7
126.4
125.1
125.3
124.9
229.3
222.8
157.4
107.6
17.6
18.2
12.1
18.2
39.2
28
32.6
18.2
18.2
39.2
38.5
33.6
28
44.2
28
28
28
28
28
27.1
18.2
24.3
33.6
28
33.6
22.4
84.1
205.1
146.6
139.3
135.9
149
133
155.8
136.5
142.3
141.3
138.4
38.3
38.6
44.6
33.6
28
22.4
28
28
28
22.1
28
28
28
22.1
28
28
44.8
27.7
84
12
30.1
22.3
12.1
36.4
17.7
24.3
49.8
30.3
124.7
137.5
126.3
118.1
154.8
192.8
214.3
181
181.1
109.7
120
24.1
18.2
24.1
27.7
28
28
28
28
27.7
22.4
53.7
33.6
49.3
28
33.6
50.4
33.5
33.6
22.4
27.7
33.6
53.8
16.2
18
42.1
33.6
33.5
100.7
18.2
30.2
92.3
107.7
113.1
102.6
126.1
106.7
114
17.8
27.5
38.5
28
22.4
28
104.7
33
51
18
18.1
30
22.4
24.3
24.1
21.7
39.2
27
39.2
33.6
33.6
27.5
33.6
28
22.4
33.6
28
39.2
39.2
27.1
33.6
33.6
67.2
28
120.5
128.2
132.7
122.7
114.5
204.4
198.3
121.5
118.3
125.6
32.4
28
27
28
28
28
109.8
18.2
11.8
39.2
27.9
31.4
33.6
39.2
44.8
33.6
39.2
39.2
33.6
33.6
27.8
33.6
49.7
24.1
24.3
150.8
128.3
128
140.9
126
122.5
139.2
122.7
116.2
126.7
114.6
18.2
30.3
28
28
33.6
28
29.5
33.6
28
44.8
39.2
47.9
39.2
32.2
21.9
24.3
24.3
18.1
18.2
60.8
16.4
18.2
41.5
33.6
39.2
43.1
27.9
22.4
26.2
84
100.2
124.4
108
114.8
120.7
132
204.4
119.4
24.3
27.3
33
27.3
22.4
27.8
27.9
33.6
27.9
28
28
22.1
28
33.6
28
33.6
66.1
18
24.3
42.5
48.8
33.6
39.2
39.2
27.5
39
32.9
32.5
44.8
39.1
50.1
131.4
131
128
129.1
125.1
128.1
117.8
199.9
135.9
158.5
12
30.4
39.4
33.6
44.8
28
16.2
30.1
30.4
39
43.9
30
28
39
28
28
27.7
33.2
27.7
39.2
28
28
39.1
28
28
44.8
27.7
22.4
50.4
117.4
108.1
120
101
112.3
190.1
218.5
219.2
71.5
28
22.4
33.4
28
28
33.6
27.6
28
28
28
27.7
18.2
18.2
30.3
22.1
27.9
28
22.4
28
44.7
29.7
50.4
49.7
33
27.9
44.8
21.8
124.2
113.1
132.1
132.7
156.4
124.9
140.3
137.3
137.3
129.6
129.9
21.3
18
27.3
49.8
36.4
33.2
28
60.4
33.4
49.6
56
33.4
28
27.9
16.2
24.3
36.5
28
38.5
55
33.6
28
39.2
27.8
33.6
44.8
33.6
28
113.4
114.8
113.3
126.9
114.9
120.9
126.9
106.1
94.6
24.3
6
18.1
22.4
33.6
22.4
33.6
39.2
27.6
27.7
21.9
33.6
28
33.6
22.4
28
27.8
27.5
28
27.5
39.2
22.4
28
28
38.8
22.4
27.3
33.6
28
33.6
44.8
115.2
135.2
133.2
120.9
133.7
135
131.3
122.7
130.3
122.9
120.8
118.9
18.1
24.3
24.3
27.8
28
39.2
28
33.6
44.8
22.4
39.2
18.2
36.5
55.8
26.9
38.6
50.4
55.7
44.8
38.6
33.2
28
27.8
28.1
39.2
28.1
28
33.6
117.2
133.7
122.7
139.5
128
195
217.5
199.8
197.6
128.8
107.6
18.2
30.1
27.8
27.7
44.8
22.1
28
16.2
24.3
117.7
24.1
35.4
50.4
41.7
39.2
67.2
46
43
32.2
48.5
44.8
28
28
28
27.9
27.7
33.6
125
113.1
114.8
120.7
120.7
130.4
129.8
132.4
167.5
44.8
27.9
43.8
37.1
22.2
30.4
28
27.7
27.2
33.6
27.5
33.6
33.6
33.6
27.6
27.8
22.3
22.4
28
22.4
28
22.3
44.8
16.3
12.1
24.3
33.6
33.6
22.4
27.7
89.8
108.4
106.2
113.4
120.9
120.9
120.8
150
117.1
121.1
89.6
33.4
22.4
28
38.7
33.6
22.4
28
28
28
16.5
18.2
36.5
33.6
111.8
44.8
38.3
39.2
50.4
33.6
44.8
26.5
28
33.6
16.5
44.6
27.5
44.8
39.2
33.6
114.9
124.4
131.4
124.6
105.9
113.9
176.4
140.2
133.7
136.5
33.4
38.3
28
33.6
55
56
33.6
61.6
39.2
44.8
27.1
24.3
30.4
33.6
27.7
28
22.1
32.9
33
28
28
33.6
33.2
33.6
39.2
22.4
22.1
12
18.1
30.4
102.3
102.6
135.5
108.4
106
123.8
230.1
198.6
106.8
33.6
84.1
33.6
28
22.4
27.9
28
27.7
33.6
33.6
28
39
39.2
27.4
28
28
28
109.7
50.4
56
32.4
84
43.3
53
46.5
39.2
44.8
44.8
27.6
27.7
120.1
127.8
132.1
125.3
126.1
134.9
125.2
128
126.6
139.5
127.3
32.5
38.3
38.5
49.2
43.8
50.3
37.3
16.8
18
27.9
27.9
38.8
28
28
33.2
28
39.2
39.2
27.7
16.3
11.8
24.3
22
44.7
28
28
44.6
28
39
26
108.5
108.5
114.6
114.7
108.5
108.5
107.2
42.2
53
42.4
30.3
28
33.6
22.4
37.6
28
39.2
33.6
27.6
22.4
44.2
28
27.3
39.2
33.6
28
27.8
28
116.8
24.3
30.1
38.7
55
39.2
38.5
44.8
44.6
44.8
28
39.2
133.6
108.4
119.4
125
127.9
127.4
139.2
133.5
122.4
238.4
154.7
124.6
48.8
28
44.5
84.1
48.8
49.7
44.2
33.6
38.7
28
27.1
18.2
18.1
33
33.6
16.3
18.2
24.1
12
6
28
33.2
22.1
33.6
38.6
28
27.4
22.3
98.1
108
104.8
120
114.1
47.8
194.9
217.2
224.2
38.3
33.6
33.5
22.1
33.2
33.6
33.2
27.5
27.9
28
27.5
28
28
28
28
28
32.8
10.8
18.2
24.3
12.1
18.1
30.3
8.8
30.4
36.5
27.6
27.3
38.5
33.1
44.8
94.1
129.4
133.5
130.4
120.6
130.6
115.6
109.4
121.2
118.4
115.4
11.8
18.2
18.2
12
67.1
18.2
33
21.9
50.4
27.7
27.7
57.2
39.1
44.8
44.7
38.6
39.2
39.2
44.8
28
12
30.3
33.6
28
27.9
44.8
33.2
28
22
94.2
106.7
120.7
107.3
108.3
125.7
113.3
136.2
121.1
98.5
82.7
39.2
33.6
27.5
39.2
28
28
33.6
22.4
33.6
44.8
27.5
39.2
39.2
27.7
22.4
39.2
22.4
27.8
26.3
12.1
18.2
30.2
28
71.2
30.4
48.2
36.5
30
33
46.7
146.6
139.2
130.1
125.2
129.3
140.3
119.2
124.3
126.7
103.9
5.9
18.2
12
24
32.6
28
39.2
44.7
39.2
36.4
