30.845771
21.695761
6.060606
9.090909
7.466667
4.736842
5.541562
5.735661
5.050505
2.842377
2.319588
18.453865
29.113924
35.443038
3.787879
5.513784
4.314721
4.071247
3.324808
3.816794
5.527638
5.276382
6.870229
9.610390
8.179420
12.661499
27.040816
24.378109
3.045685
7.948718
9.424084
7.894737
6.075949
4.060914
2.577320
2.835052
4.568528
4.060914
3.826531
26.075949
27.777778
19.693095
6.030151
4.568528
5.985037
5.735661
5.276382
4.071247
4.785894
4.556962
12.435233
8.684211
15.584416
27.411168
21.683673
3.807107
5.289673
9.948980
8.000000
7.291667
3.826531
4.060914
5.626598
4.773869
5.063291
4.060914
27.179487
32.383420
54.475703
24.874372
4.511278
3.333333
6.281407
4.303797
4.810127
3.333333
4.282116
3.307888
9.950249
18.157895
32.418953
34.031414
29.770992
3.092784
4.303797
3.092784
4.071247
4.568528
8.740360
6.199461
6.914894
4.556962
10.025063
28.250000
33.250000
22.307692
5.289673
4.303797
5.025126
3.826531
4.303797
4.325700
6.075949
4.785894
5.303030
4.325700
3.807107
29.923274
36.103896
33.687003
23.529412
4.292929
5.808081
4.314721
9.487179
7.712766
7.105263
3.816794
5.263158
5.289673
13.681592
28.101266
36.597938
2.538071
2.835052
4.071247
5.569620
6.218905
4.314721
5.025126
3.333333
3.076923
3.608247
4.785894
27.272727
31.725888
39.062500
7.455013
2.590674
4.060914
3.076923
4.568528
11.053985
9.114583
8.072917
3.333333
3.571429
11.855670
27.707809
39.348371
5.912596
4.060914
5.329949
3.580563
5.276382
4.545455
5.050505
3.324808
5.764411
3.571429
5.025126
28.643216
30.827068
36.387435
6.770833
5.277045
5.974026
2.583979
3.836317
4.822335
5.670103
7.874016
6.315789
4.081633
17.215190
28.927681
32.663317
3.865979
6.122449
8.483290
9.743590
8.542714
5.569620
3.589744
2.583979
6.666667
6.870229
16.402116
32.736573
29.305913
29.770992
17.000000
5.793451
4.545455
4.314721
3.580563
4.797980
4.797980
5.513784
4.545455
3.836317
27.272727
37.373737
15.151515
3.324808
8.461538
5.376344
7.651715
6.393862
5.276382
4.314721
2.835052
7.948718
8.115183
10.309278
18.045113
28.927681
23.250000
3.291139
4.370180
6.435644
4.822335
6.766917
4.303797
4.081633
4.603581
5.037783
3.826531
5.527638
26.582278
31.920200
23.880597
4.113111
10.026385
12.213740
5.989583
5.037783
5.778894
4.081633
7.142857
5.835544
8.376963
31.250000
31.094527
30.126582
28.826531
7.142857
2.337662
3.350515
3.084833
4.534005
4.336735
4.314721
3.092784
3.076923
13.670886
26.972010
27.848101
11.139241
3.836317
8.101266
8.707124
11.224490
4.687500
5.050505
4.071247
3.571429
5.276382
5.989583
27.083333
33.421053
29.123711
32.828283
5.541562
4.797980
4.081633
3.324808
3.084833
4.081633
5.025126
5.276382
4.071247
4.846939
21.628499
32.820513
24.371859
3.076923
4.303797
6.015038
7.124682
4.947917
10.621762
5.612245
4.071247
4.556962
3.580563
3.076923
21.465969
36.745407
33.157895
29.949239
13.554987
6.000000
4.347826
3.571429
3.571429
4.822335
5.276382
4.060914
4.797980
4.303797
15.617128
29.573935
40.404040
4.000000
4.556962
4.060914
5.699482
11.083123
9.326425
5.053191
2.842377
5.527638
3.826531
10.178117
31.043257
34.500000
33.417722
24.060150
2.531646
2.583979
4.785894
6.500000
5.276382
4.785894
4.797980
3.316327
5.263158
25.000000
27.226463
40.101523
9.438776
7.808564
4.325700
3.816794
3.816794
6.923077
8.142494
8.398950
6.870229
4.325700
13.065327
28.172589
24.500000
6.649616
9.162304
6.469003
5.037783
2.577320
4.522613
5.985037
6.733167
6.265664
3.324808
3.826531
9.620253
31.670823
30.379747
54.961832
20.454545
3.535354
4.358974
5.025126
4.773869
6.218905
8.831169
7.816712
3.733333
2.577320
18.158568
27.707809
16.243655
9.462916
8.947368
6.951872
3.807107
3.598972
5.025126
5.513784
3.333333
4.303797
4.591837
8.564232
27.020202
31.407035
16.202532
4.071247
3.826531
2.325581
4.810127
5.263158
5.343511
3.807107
8.010336
4.846939
4.166667
23.929471
32.425743
28.947368
30.050505
11.868687
9.020619
9.000000
9.042553
3.333333
3.589744
4.785894
5.276382
5.263158
8.629442
26.923077
38.888889
10.886076
4.556962
4.785894
4.081633
5.527638
3.836317
4.314721
3.061224
4.314721
5.612245
7.812500
8.136483
30.867347
27.959698
14.035088
3.092784
3.571429
7.049608
7.329843
9.043928
2.798982
3.826531
4.050633
4.303797
4.325700
14.683544
28.250000
36.340852
3.045685
7.052897
3.553299
3.778338
3.571429
5.735661
4.071247
3.571429
4.314721
3.571429
10.579345
27.415144
34.250000
30.653266
20.460358
4.081633
2.820513
7.329843
10.263158
6.930693
4.556962
6.835443
3.797468
3.836317
17.468354
28.571429
49.131514
38.874680
4.292929
4.071247
4.303797
7.052897
3.299492
5.500000
3.826531
3.571429
5.569620
10.632911
35.400517
35.904255
30.512821
19.897959
3.553299
4.102564
3.580563
4.071247
4.797980
6.015038
3.816794
3.826531
4.060914
25.944584
28.787879
46.015424
15.384615
5.540897
2.590674
3.324808
4.797980
3.324808
8.571429
11.227154
9.462916
