41.866667
47.286822
41.902314
34.704370
29.426434
10.050251
33.333333
58.854167
83.375315
88.500000
73.670886
66.832918
69.077307
45.063291
41.730280
37.974684
77.215190
20.051414
18.387909
22.531646
36.228288
69.230769
53.351206
71.099744
52.295918
35.443038
48.379052
47.314578
44.987147
45.910290
42.857143
34.464752
16.153846
35.643564
45.024876
90.523691
62.720403
41.645244
31.725888
33.756345
45.063291
90.909091
54.683544
61.398964
25.384615
9.774436
36.597938
40.769231
52.525253
48.484848
71.099744
38.874680
21.158690
22.784810
60.651629
66.161616
77.749361
70.866142
47.668394
43.947368
45.614035
78.696742
78.643216
46.250000
43.640898
27.202073
27.160494
20.466321
66.666667
74.747475
98.500000
80.303030
46.782178
38.596491
45.128205
51.392405
57.326478
70.052083
31.117021
12.339332
11.195929
24.040921
53.002611
53.984576
22.025316
18.952618
51.758794
59.547739
91.094148
77.551020
57.069409
41.012658
10.880829
7.235142
14.676617
34.183673
45.454545
89.769821
60.250000
55.773956
78.092784
93.483709
70.050761
58.312020
49.746193
18.974359
17.402597
38.341969
38.082902
37.626263
34.005038
20.551378
33.753149
55.163728
41.919192
56.171285
40.966921
60.051546
39.097744
11.450382
9.547739
15.696203
35.427136
47.355164
15.443038
21.000000
42.278481
87.969925
93.181818
70.250000
84.673367
57.253886
40.104167
16.030534
10.101010
42.211055
46.700508
61.616162
45.714286
34.000000
65.306122
87.341772
98.743719
77.638191
63.212435
35.509138
10.000000
19.035533
31.713555
43.112245
59.640103
50.769231
42.635659
42.065491
63.224181
94.416244
86.040609
98.236776
86.616162
32.997481
15.064935
