58.163265
61.764706
59.090909
62.944162
57.216495
30.303030
36.000000
39.901478
15.228426
21.319797
32.500000
34.391534
28.272251
47.804878
61.691542
60.204082
74.146341
61.809045
55.612245
17.525773
62.189055
60.804020
10.659898
47.029703
54.773869
56.410256
58.910891
55.050505
55.276382
67.676768
71.134021
69.458128
50.753769
44.444444
58.500000
41.206030
74.874372
74.876847
74.111675
68.844221
66.009852
64.000000
69.950739
72.500000
72.636816
44.059406
24.000000
66.000000
24.873096
9.644670
28.500000
58.461538
68.000000
66.834171
69.543147
69.346734
72.139303
71.641791
62.626263
56.923077
34.328358
47.290640
45.918367
43.939394
54.773869
48.989899
57.281553
45.226131
40.000000
40.500000
37.438424
30.808081
36.734694
23.857868
6.965174
7.462687
33.500000
31.000000
31.155779
30.845771
29.381443
29.081633
31.658291
62.000000
55.121951
50.248756
44.554455
48.500000
22.727273
21.393035
51.960784
57.360406
53.731343
53.960396
46.464646
50.000000
47.979798
42.500000
26.865672
30.198020
36.000000
10.000000
28.643216
30.150754
29.797980
31.343284
29.500000
29.081633
33.168317
24.500000
26.903553
30.000000
33.165829
22.727273
52.551020
49.009901
48.730964
52.577320
53.170732
49.509804
50.251256
56.310680
60.098522
39.603960
32.663317
44.949495
37.055838
45.049505
30.808081
10.945274
29.591837
26.041667
27.319588
32.178218
23.267327
33.505155
16.915423
29.353234
37.128713
44.390244
36.548223
42.233010
42.424242
47.761194
48.241206
52.261307
50.990099
53.768844
47.474747
54.314721
66.995074
62.189055
50.259067
60.301508
48.000000
48.768473
52.763819
24.000000
26.865672
32.338308
31.000000
31.122449
79.024390
71.573604
70.854271
33.830846
29.353234
64.467005
46.700508
41.326531
31.658291
11.167513
32.142857
42.929293
38.341969
41.584158
28.426396
29.901961
55.223881
50.248756
56.500000
58.910891
26.500000
50.485437
58.706468
50.251256
46.428571
32.994924
34.183673
35.467980
42.564103
68.656716
66.169154
86.802030
68.877551
55.721393
78.282828
84.500000
39.000000
40.000000
71.641791
84.771574
92.537313
93.434343
74.742268
45.360825
67.980296
48.514851
56.060606
54.500000
57.360406
61.025641
55.721393
57.487923
65.104167
52.970297
46.700508
45.685279
14.000000
15.346535
25.500000
44.949495
9.090909
6.122449
31.034483
64.795918
64.563107
59.701493
52.000000
56.716418
42.929293
57.500000
43.564356
47.179487
49.238579
38.500000
53.140097
47.000000
50.505051
34.183673
30.500000
32.994924
26.341463
32.105263
29.500000
8.500000
7.960199
20.202020
35.353535
14.427861
32.663317
33.168317
32.835821
35.643564
31.500000
32.994924
58.163265
67.475728
31.818182
39.593909
34.146341
50.253807
50.000000
59.296482
59.183673
52.551020
49.500000
37.500000
39.898990
48.484848
42.424242
28.500000
37.185930
27.860697
4.615385
8.080808
31.000000
32.512315
30.693069
30.569948
17.000000
32.673267
34.158416
30.303030
30.653266
61.538462
63.076923
32.663317
53.030303
54.040404
51.776650
54.545455
58.291457
40.201005
59.296482
64.039409
59.090909
40.909091
58.673469
78.787879
64.251208
52.307692
45.226131
59.900990
54.271357
50.000000
51.020408
59.701493
37.313433
44.615385
19.170984
39.603960
36.683417
36.500000
39.024390
38.500000
37.948718
39.500000
28.217822
25.380711
46.500000
52.736318
61.083744
60.500000
30.964467
48.469388
42.713568
37.244898
43.589744
29.441624
29.949239
28.571429
29.353234
7.070707
26.666667
28.125000
26.767677
27.500000
35.121951
19.402985
26.500000
50.239234
36.868687
36.734694
58.883249
60.301508
55.837563
26.500000
46.907216
47.715736
48.756219
61.083744
60.591133
55.223881
41.206030
25.888325
40.703518
51.741294
